       101
       0.000000e+000       0.000000e+000
       9.978259e-005       0.000000e+000
       1.998487e-004       0.000000e+000
       2.999147e-004       0.000000e+000
       3.999808e-004       0.000000e+000
       4.998266e-004      -1.295100e-004
       5.999189e-004      -2.703000e-004
       6.999970e-004      -4.094600e-004
       7.999931e-004      -5.479600e-004
       8.997394e-004      -6.856700e-004
       9.998139e-004      -8.233300e-004
       1.099996e-003      -9.607000e-004
       1.199992e-003      -1.097400e-003
       1.299988e-003      -1.233700e-003
       1.399860e-003      -1.369500e-003
       1.499952e-003      -1.505100e-003
       1.599943e-003      -1.640300e-003
       1.699916e-003      -1.775100e-003
       1.799914e-003      -1.909600e-003
       1.899943e-003      -2.043800e-003
       1.999867e-003      -2.177500e-003
       2.099850e-003      -2.310900e-003
       2.199904e-003      -2.444100e-003
       2.299881e-003      -2.576900e-003
       2.399943e-003      -2.709500e-003
       2.499992e-003      -2.841700e-003
       2.599928e-003      -2.973500e-003
       2.699998e-003      -3.105200e-003
       2.799940e-003      -3.236400e-003
       2.899971e-003      -3.367400e-003
       2.999991e-003      -3.498000e-003
       3.099999e-003      -3.628400e-003
       3.199949e-003      -3.758500e-003
       3.299993e-003      -3.888500e-003
       3.399998e-003      -4.018100e-003
       3.499979e-003      -4.147600e-003
       3.599946e-003      -4.276700e-003
       3.699991e-003      -4.405500e-003
       3.799986e-003      -4.533900e-003
       3.899961e-003      -4.661700e-003
       3.999963e-003      -4.789500e-003
       4.099962e-003      -4.916700e-003
       4.199986e-003      -5.043500e-003
       4.299946e-003      -5.170000e-003
       4.399928e-003      -5.296200e-003
       4.499962e-003      -5.422200e-003
       4.599936e-003      -5.547900e-003
       4.699934e-003      -5.673400e-003
       4.799994e-003      -5.798800e-003
       4.899976e-003      -5.923700e-003
       4.999996e-003      -6.048400e-003
       5.099966e-003      -6.172700e-003
       5.199967e-003      -6.296700e-003
       5.299980e-003      -6.420500e-003
       5.399992e-003      -6.544000e-003
       5.499939e-003      -6.667300e-003
       5.599972e-003      -6.790200e-003
       5.699971e-003      -6.912800e-003
       5.799975e-003      -7.035000e-003
       5.899970e-003      -7.156800e-003
       5.999950e-003      -7.278400e-003
       6.099967e-003      -7.399800e-003
       6.199932e-003      -7.520700e-003
       6.299976e-003      -7.642000e-003
       6.399943e-003      -7.762300e-003
       6.499974e-003      -7.882000e-003
       6.599939e-003      -8.001400e-003
       6.699965e-003      -8.120600e-003
       6.799976e-003      -8.239800e-003
       6.899969e-003      -8.358500e-003
       6.999964e-003      -8.476500e-003
       7.099978e-003      -8.594400e-003
       7.199944e-003      -8.711800e-003
       7.299991e-003      -8.828800e-003
       7.399953e-003      -8.945500e-003
       7.499991e-003      -9.061800e-003
       7.599971e-003      -9.177900e-003
       7.699976e-003      -9.293600e-003
       7.799946e-003      -9.408700e-003
       7.899956e-003      -9.523200e-003
       7.999966e-003      -9.637800e-003
       8.099964e-003      -9.752100e-003
       8.199939e-003      -9.866100e-003
       8.299969e-003      -9.979900e-003
       8.399982e-003      -1.009300e-002
       8.499948e-003      -1.020600e-002
       8.599976e-003      -1.031900e-002
       8.699989e-003      -1.043200e-002
       8.799969e-003      -1.054400e-002
       8.899979e-003      -1.065500e-002
       8.999960e-003      -1.076700e-002
       9.099998e-003      -1.087800e-002
       9.199957e-003      -1.098800e-002
       9.299968e-003      -1.109900e-002
       9.399951e-003      -1.120900e-002
       9.499951e-003      -1.131900e-002
       9.600000e-003      -1.142800e-002
       9.699988e-003      -1.153700e-002
       9.799945e-003      -1.164600e-002
       9.899982e-003      -1.175500e-002
       9.999946e-003      -1.186300e-002
