       101
       2.834730e-007       0.000000e+000
       1.000660e-004       0.000000e+000
       2.001320e-004       0.000000e+000
       3.001980e-004       0.000000e+000
       4.002640e-004       0.000000e+000
       5.001080e-004       6.040000e+003
       6.001990e-004       2.786000e+003
       7.002750e-004       2.462000e+003
       8.002660e-004       2.336000e+003
       9.000060e-004       2.222000e+003
       1.000070e-003       2.168000e+003
       1.100240e-003       2.072000e+003
       1.200230e-003       2.018000e+003
       1.300210e-003       1.981000e+003
       1.400080e-003       1.929000e+003
       1.500160e-003       1.886000e+003
       1.600150e-003       1.845000e+003
       1.700120e-003       1.805000e+003
       1.800110e-003       1.766000e+003
       1.900130e-003       1.728000e+003
       2.000050e-003       1.692000e+003
       2.100020e-003       1.658000e+003
       2.200060e-003       1.625000e+003
       2.300020e-003       1.607000e+003
       2.400070e-003       1.583000e+003
       2.500110e-003       1.557000e+003
       2.600030e-003       1.534000e+003
       2.700090e-003       1.537000e+003
       2.800020e-003       1.529000e+003
       2.900050e-003       1.534000e+003
       3.000060e-003       1.558000e+003
       3.100070e-003       1.545000e+003
       3.200020e-003       1.529000e+003
       3.300060e-003       1.506000e+003
       3.400070e-003       1.482000e+003
       3.500050e-003       1.464000e+003
       3.600020e-003       1.416000e+003
       3.700060e-003       1.370000e+003
       3.800050e-003       1.415000e+003
       3.900030e-003       1.440000e+003
       4.000030e-003       1.485000e+003
       4.100030e-003       1.529000e+003
       4.200060e-003       1.523000e+003
       4.300020e-003       1.570000e+003
       4.400000e-003       1.586000e+003
       4.500040e-003       1.591000e+003
       4.600010e-003       1.543000e+003
       4.700010e-003       1.582000e+003
       4.800070e-003       1.560000e+003
       4.900050e-003       1.485000e+003
       5.000070e-003       1.489000e+003
       5.100040e-003       1.490000e+003
       5.200040e-003       1.466000e+003
       5.300060e-003       1.478000e+003
       5.400070e-003       1.408000e+003
       5.500010e-003       1.536000e+003
       5.600050e-003       1.564000e+003
       5.700050e-003       1.593000e+003
       5.800050e-003       1.605000e+003
       5.900040e-003       1.569000e+003
       6.000020e-003       1.599000e+003
       6.100040e-003       1.618000e+003
       6.200000e-003       1.637000e+003
       6.300050e-003       1.614000e+003
       6.400010e-003       1.639000e+003
       6.500040e-003       1.679000e+003
       6.600010e-003       1.672000e+003
       6.700030e-003       1.707000e+003
       6.800040e-003       1.696000e+003
       6.900040e-003       1.728000e+003
       7.000030e-003       1.752000e+003
       7.100040e-003       1.736000e+003
       7.200010e-003       1.751000e+003
       7.300060e-003       1.758000e+003
       7.400020e-003       1.775000e+003
       7.500050e-003       1.796000e+003
       7.600030e-003       1.739000e+003
       7.700040e-003       1.788000e+003
       7.800010e-003       1.768000e+003
       7.900020e-003       1.714000e+003
       8.000030e-003       1.726000e+003
       8.100020e-003       1.720000e+003
       8.200000e-003       1.707000e+003
       8.300030e-003       1.697000e+003
       8.400040e-003       1.687000e+003
       8.500010e-003       1.666000e+003
       8.600040e-003       1.659000e+003
       8.700050e-003       1.656000e+003
       8.800030e-003       1.644000e+003
       8.900040e-003       1.634000e+003
       9.000020e-003       1.625000e+003
       9.100060e-003       1.617000e+003
       9.200020e-003       1.610000e+003
       9.300030e-003       1.619000e+003
       9.400010e-003       1.584000e+003
       9.500010e-003       1.593000e+003
       9.600060e-003       1.593000e+003
       9.700050e-003       1.565000e+003
       9.800000e-003       1.576000e+003
       9.900040e-003       1.598000e+003
       1.000000e-002       1.582000e+003
