       501
       2.834730e-007       0.000000e+000
       1.020500e-005       0.000000e+000
       2.012660e-005       0.000000e+000
       3.004820e-005       0.000000e+000
       4.025320e-005       0.000000e+000
       5.017480e-005       0.000000e+000
       6.009630e-005       0.000000e+000
       7.001790e-005       0.000000e+000
       8.022290e-005       0.000000e+000
       9.014450e-005       0.000000e+000
       1.000660e-004       0.000000e+000
       1.102710e-004       0.000000e+000
       1.201930e-004       0.000000e+000
       1.301140e-004       0.000000e+000
       1.400360e-004       0.000000e+000
       1.502410e-004       0.000000e+000
       1.601620e-004       0.000000e+000
       1.700840e-004       0.000000e+000
       1.800060e-004       0.000000e+000
       1.902110e-004       0.000000e+000
       2.001320e-004       0.000000e+000
       2.100540e-004       0.000000e+000
       2.202590e-004       0.000000e+000
       2.301800e-004       0.000000e+000
       2.401020e-004       0.000000e+000
       2.500230e-004       0.000000e+000
       2.602280e-004       0.000000e+000
       2.701500e-004       0.000000e+000
       2.800720e-004       0.000000e+000
       2.902770e-004       0.000000e+000
       3.001980e-004       0.000000e+000
       3.101200e-004       0.000000e+000
       3.200410e-004       0.000000e+000
       3.302460e-004       0.000000e+000
       3.401680e-004       0.000000e+000
       3.500890e-004       0.000000e+000
       3.600110e-004       0.000000e+000
       3.702160e-004       0.000000e+000
       3.801380e-004       0.000000e+000
       3.900590e-004       0.000000e+000
       4.002640e-004       0.000000e+000
       4.101850e-004       0.000000e+000
       4.201030e-004       2.863000e+003
       4.300120e-004       5.470000e+003
       4.402080e-004       5.794000e+003
       4.501120e-004       6.627000e+003
       4.600090e-004       6.654000e+003
       4.701720e-004       6.738000e+003
       4.800470e-004       6.638000e+003
       4.902010e-004       6.422000e+003
       5.000610e-004       6.082000e+003
       5.101900e-004       5.222000e+003
       5.200150e-004       4.096000e+003
       5.301180e-004       2.695000e+003
       5.402280e-004       2.735000e+003
       5.500640e-004       3.419000e+003
       5.601730e-004       3.181000e+003
       5.702530e-004       2.671000e+003
       5.800450e-004       2.839000e+003
       5.901060e-004       2.986000e+003
       6.001590e-004       2.775000e+003
       6.102040e-004       2.724000e+003
       6.202440e-004       2.874000e+003
       6.300030e-004       2.698000e+003
       6.400360e-004       2.613000e+003
       6.500690e-004       2.658000e+003
       6.601030e-004       2.629000e+003
       6.701410e-004       2.539000e+003
       6.801790e-004       2.614000e+003
       6.902220e-004       2.513000e+003
       7.002650e-004       2.498000e+003
       7.100140e-004       2.505000e+003
       7.200220e-004       2.478000e+003
       7.300110e-004       2.415000e+003
       7.402590e-004       2.443000e+003
       7.502170e-004       2.398000e+003
       7.601590e-004       2.386000e+003
       7.700830e-004       2.386000e+003
       7.802630e-004       2.378000e+003
       7.901520e-004       2.355000e+003
       8.000180e-004       2.328000e+003
       8.101060e-004       2.312000e+003
       8.201280e-004       2.327000e+003
       8.300890e-004       2.310000e+003
       8.402470e-004       2.293000e+003
       8.500800e-004       2.300000e+003
       8.601170e-004       2.278000e+003
       8.700850e-004       2.286000e+003
       8.802430e-004       2.239000e+003
       8.900850e-004       2.245000e+003
       9.001200e-004       2.263000e+003
       9.100880e-004       2.227000e+003
       9.202450e-004       2.234000e+003
       9.300780e-004       2.248000e+003
       9.401040e-004       2.207000e+003
       9.500700e-004       2.220000e+003
       9.602240e-004       2.204000e+003
       9.700650e-004       2.188000e+003
       9.800890e-004       2.194000e+003
       9.900531e-004       2.185000e+003
       1.000200e-003       2.173000e+003
       1.010040e-003       2.172000e+003
       1.020050e-003       2.162000e+003
       1.030010e-003       2.148000e+003
       1.040140e-003       2.149000e+003
       1.050210e-003       2.131000e+003
       1.060220e-003       2.137000e+003
       1.070160e-003       2.129000e+003
       1.080040e-003       2.108000e+003
       1.090090e-003       2.110000e+003
       1.100080e-003       2.102000e+003
       1.110010e-003       2.099000e+003
       1.120100e-003       2.096000e+003
       1.130130e-003       2.089000e+003
       1.140100e-003       2.079000e+003
       1.150010e-003       2.076000e+003
       1.160080e-003       2.066000e+003
       1.170090e-003       2.065000e+003
       1.180050e-003       2.056000e+003
       1.190160e-003       2.048000e+003
       1.200210e-003       2.046000e+003
       1.210200e-003       2.039000e+003
       1.220140e-003       2.034000e+003
       1.230010e-003       2.032000e+003
       1.240040e-003       2.024000e+003
       1.250020e-003       2.021000e+003
       1.260150e-003       2.014000e+003
       1.270070e-003       2.007000e+003
       1.280190e-003       2.005000e+003
       1.290090e-003       1.998000e+003
       1.300190e-003       1.995000e+003
       1.310080e-003       1.988000e+003
       1.320160e-003       1.983000e+003
       1.330030e-003       1.980000e+003
       1.340090e-003       1.974000e+003
       1.350130e-003       1.970000e+003
       1.360150e-003       1.964000e+003
       1.370160e-003       1.961000e+003
       1.380140e-003       1.956000e+003
       1.390110e-003       1.951000e+003
       1.400060e-003       1.947000e+003
       1.410190e-003       1.943000e+003
       1.420110e-003       1.940000e+003
       1.430200e-003       1.934000e+003
       1.440080e-003       1.930000e+003
       1.450130e-003       1.926000e+003
       1.460170e-003       1.922000e+003
       1.470190e-003       1.917000e+003
       1.480200e-003       1.912000e+003
       1.490180e-003       1.908000e+003
       1.500140e-003       1.905000e+003
       1.510090e-003       1.901000e+003
       1.520010e-003       1.897000e+003
       1.530120e-003       1.893000e+003
       1.540010e-003       1.889000e+003
       1.550080e-003       1.885000e+003
       1.560120e-003       1.880000e+003
       1.570150e-003       1.876000e+003
       1.580160e-003       1.873000e+003
       1.590150e-003       1.869000e+003
       1.600120e-003       1.865000e+003
       1.610070e-003       1.861000e+003
       1.620000e-003       1.857000e+003
       1.630110e-003       1.853000e+003
       1.640190e-003       1.849000e+003
       1.650060e-003       1.845000e+003
       1.660110e-003       1.841000e+003
       1.670140e-003       1.838000e+003
       1.680140e-003       1.834000e+003
       1.690130e-003       1.830000e+003
       1.700090e-003       1.826000e+003
       1.710040e-003       1.823000e+003
       1.720160e-003       1.819000e+003
       1.730070e-003       1.815000e+003
       1.740140e-003       1.812000e+003
       1.750010e-003       1.808000e+003
       1.760050e-003       1.805000e+003
       1.770070e-003       1.801000e+003
       1.780070e-003       1.797000e+003
       1.790050e-003       1.794000e+003
       1.800010e-003       1.790000e+003
       1.810140e-003       1.787000e+003
       1.820060e-003       1.783000e+003
       1.830150e-003       1.780000e+003
       1.840010e-003       1.776000e+003
       1.850020e-003       1.772000e+003
       1.860170e-003       1.769000e+003
       1.870090e-003       1.765000e+003
       1.880150e-003       1.762000e+003
       1.890180e-003       1.758000e+003
       1.900150e-003       1.755000e+003
       1.910090e-003       1.751000e+003
       1.920170e-003       1.747000e+003
       1.930020e-003       1.744000e+003
       1.940010e-003       1.740000e+003
       1.950150e-003       1.737000e+003
       1.960060e-003       1.733000e+003
       1.970110e-003       1.730000e+003
       1.980120e-003       1.726000e+003
       1.990090e-003       1.723000e+003
       2.000020e-003       1.720000e+003
       2.010090e-003       1.716000e+003
       2.020130e-003       1.713000e+003
       2.030150e-003       1.709000e+003
       2.040120e-003       1.706000e+003
       2.050010e-003       1.703000e+003
       2.060010e-003       1.700000e+003
       2.070090e-003       1.696000e+003
       2.080110e-003       1.693000e+003
       2.090050e-003       1.689000e+003
       2.100070e-003       1.685000e+003
       2.110030e-003       1.682000e+003
       2.120070e-003       1.679000e+003
       2.130030e-003       1.676000e+003
       2.140080e-003       1.672000e+003
       2.150050e-003       1.669000e+003
       2.160100e-003       1.666000e+003
       2.170080e-003       1.662000e+003
       2.180130e-003       1.659000e+003
       2.190100e-003       1.661000e+003
       2.200150e-003       1.666000e+003
       2.210110e-003       1.658000e+003
       2.220150e-003       1.659000e+003
       2.230100e-003       1.656000e+003
       2.240130e-003       1.651000e+003
       2.250070e-003       1.649000e+003
       2.260070e-003       1.645000e+003
       2.270140e-003       1.641000e+003
       2.280120e-003       1.640000e+003
       2.290010e-003       1.635000e+003
       2.300110e-003       1.632000e+003
       2.310110e-003       1.630000e+003
       2.320030e-003       1.625000e+003
       2.330000e-003       1.624000e+003
       2.340020e-003       1.620000e+003
       2.350080e-003       1.617000e+003
       2.360060e-003       1.614000e+003
       2.370070e-003       1.611000e+003
       2.380130e-003       1.608000e+003
       2.390090e-003       1.605000e+003
       2.400080e-003       1.603000e+003
       2.410110e-003       1.600000e+003
       2.420050e-003       1.597000e+003
       2.430010e-003       1.594000e+003
       2.440000e-003       1.591000e+003
       2.450020e-003       1.596000e+003
       2.460060e-003       1.591000e+003
       2.470110e-003       1.589000e+003
       2.480070e-003       1.587000e+003
       2.490050e-003       1.583000e+003
       2.500040e-003       1.580000e+003
       2.510040e-003       1.578000e+003
       2.520050e-003       1.575000e+003
       2.530070e-003       1.573000e+003
       2.540090e-003       1.570000e+003
       2.550010e-003       1.566000e+003
       2.560040e-003       1.565000e+003
       2.570070e-003       1.552000e+003
       2.580090e-003       1.562000e+003
       2.590010e-003       1.568000e+003
       2.600000e-003       1.573000e+003
       2.610060e-003       1.570000e+003
       2.620080e-003       1.570000e+003
       2.630060e-003       1.571000e+003
       2.640090e-003       1.563000e+003
       2.650070e-003       1.565000e+003
       2.660090e-003       1.557000e+003
       2.670050e-003       1.557000e+003
       2.680040e-003       1.554000e+003
       2.690050e-003       1.550000e+003
       2.700080e-003       1.564000e+003
       2.710040e-003       1.564000e+003
       2.720080e-003       1.559000e+003
       2.730070e-003       1.565000e+003
       2.740050e-003       1.564000e+003
       2.750040e-003       1.569000e+003
       2.760030e-003       1.572000e+003
       2.770030e-003       1.571000e+003
       2.780040e-003       1.582000e+003
       2.790050e-003       1.574000e+003
       2.800080e-003       1.577000e+003
       2.810030e-003       1.576000e+003
       2.820080e-003       1.571000e+003
       2.830010e-003       1.572000e+003
       2.840080e-003       1.572000e+003
       2.850050e-003       1.571000e+003
       2.860010e-003       1.579000e+003
       2.870060e-003       1.584000e+003
       2.880040e-003       1.584000e+003
       2.890000e-003       1.583000e+003
       2.900040e-003       1.582000e+003
       2.910070e-003       1.579000e+003
       2.920020e-003       1.577000e+003
       2.930030e-003       1.589000e+003
       2.940040e-003       1.586000e+003
       2.950050e-003       1.591000e+003
       2.960050e-003       1.596000e+003
       2.970050e-003       1.589000e+003
       2.980040e-003       1.593000e+003
       2.990040e-003       1.586000e+003
       3.000040e-003       1.585000e+003
       3.010030e-003       1.584000e+003
       3.020020e-003       1.578000e+003
       3.030010e-003       1.577000e+003
       3.040000e-003       1.573000e+003
       3.050060e-003       1.570000e+003
       3.060040e-003       1.566000e+003
       3.070010e-003       1.566000e+003
       3.080050e-003       1.565000e+003
       3.090010e-003       1.566000e+003
       3.100040e-003       1.561000e+003
       3.110050e-003       1.557000e+003
       3.120060e-003       1.551000e+003
       3.130060e-003       1.549000e+003
       3.140060e-003       1.550000e+003
       3.150050e-003       1.546000e+003
       3.160030e-003       1.549000e+003
       3.170060e-003       1.549000e+003
       3.180020e-003       1.548000e+003
       3.190030e-003       1.547000e+003
       3.200030e-003       1.550000e+003
       3.210020e-003       1.545000e+003
       3.220000e-003       1.546000e+003
       3.230030e-003       1.541000e+003
       3.240040e-003       1.537000e+003
       3.250040e-003       1.537000e+003
       3.260020e-003       1.534000e+003
       3.270000e-003       1.534000e+003
       3.280020e-003       1.514000e+003
       3.290030e-003       1.533000e+003
       3.300030e-003       1.494000e+003
       3.310010e-003       1.519000e+003
       3.320030e-003       1.513000e+003
       3.330000e-003       1.505000e+003
       3.340030e-003       1.526000e+003
       3.350050e-003       1.496000e+003
       3.360010e-003       1.524000e+003
       3.370030e-003       1.505000e+003
       3.380040e-003       1.520000e+003
       3.390050e-003       1.505000e+003
       3.400010e-003       1.522000e+003
       3.410030e-003       1.500000e+003
       3.420000e-003       1.508000e+003
       3.430010e-003       1.495000e+003
       3.440010e-003       1.495000e+003
       3.450040e-003       1.484000e+003
       3.460020e-003       1.481000e+003
       3.470030e-003       1.467000e+003
       3.480040e-003       1.461000e+003
       3.490040e-003       1.470000e+003
       3.500030e-003       1.453000e+003
       3.510020e-003       1.465000e+003
       3.520040e-003       1.451000e+003
       3.530010e-003       1.455000e+003
       3.540020e-003       1.442000e+003
       3.550020e-003       1.441000e+003
       3.560010e-003       1.436000e+003
       3.570050e-003       1.431000e+003
       3.580020e-003       1.425000e+003
       3.590040e-003       1.418000e+003
       3.600050e-003       1.411000e+003
       3.610000e-003       1.407000e+003
       3.620050e-003       1.400000e+003
       3.630040e-003       1.393000e+003
       3.640020e-003       1.389000e+003
       3.650040e-003       1.381000e+003
       3.660010e-003       1.377000e+003
       3.670020e-003       1.369000e+003
       3.680030e-003       1.365000e+003
       3.690020e-003       1.358000e+003
       3.700020e-003       1.351000e+003
       3.710010e-003       1.351000e+003
       3.720040e-003       1.346000e+003
       3.730020e-003       1.356000e+003
       3.740050e-003       1.352000e+003
       3.750020e-003       1.350000e+003
       3.760040e-003       1.350000e+003
       3.770050e-003       1.350000e+003
       3.780010e-003       1.304000e+003
       3.790010e-003       1.374000e+003
       3.800000e-003       1.344000e+003
       3.810040e-003       1.355000e+003
       3.820020e-003       1.368000e+003
       3.830050e-003       1.353000e+003
       3.840020e-003       1.366000e+003
       3.850030e-003       1.368000e+003
       3.860040e-003       1.369000e+003
       3.870040e-003       1.371000e+003
       3.880030e-003       1.373000e+003
       3.890020e-003       1.374000e+003
       3.900040e-003       1.374000e+003
       3.910010e-003       1.371000e+003
       3.920030e-003       1.350000e+003
       3.930040e-003       1.378000e+003
       3.940040e-003       1.375000e+003
       3.950030e-003       1.373000e+003
       3.960010e-003       1.387000e+003
       3.970040e-003       1.395000e+003
       3.980010e-003       1.385000e+003
       3.990020e-003       1.399000e+003
       4.000030e-003       1.394000e+003
       4.010030e-003       1.402000e+003
       4.020020e-003       1.399000e+003
       4.030050e-003       1.389000e+003
       4.040020e-003       1.406000e+003
       4.050040e-003       1.404000e+003
       4.060040e-003       1.392000e+003
       4.070040e-003       1.404000e+003
       4.080030e-003       1.405000e+003
       4.090010e-003       1.407000e+003
       4.100030e-003       1.431000e+003
       4.110040e-003       1.421000e+003
       4.120040e-003       1.412000e+003
       4.130040e-003       1.425000e+003
       4.140020e-003       1.433000e+003
       4.150050e-003       1.438000e+003
       4.160010e-003       1.432000e+003
       4.170020e-003       1.435000e+003
       4.180020e-003       1.443000e+003
       4.190010e-003       1.426000e+003
       4.200050e-003       1.444000e+003
       4.210050e-003       1.446000e+003
       4.220010e-003       1.413000e+003
       4.230050e-003       1.452000e+003
       4.240030e-003       1.422000e+003
       4.250020e-003       1.443000e+003
       4.260010e-003       1.454000e+003
       4.270040e-003       1.410000e+003
       4.280030e-003       1.415000e+003
       4.290010e-003       1.449000e+003
       4.300040e-003       1.430000e+003
       4.310020e-003       1.461000e+003
       4.320040e-003       1.447000e+003
       4.330020e-003       1.460000e+003
       4.340030e-003       1.457000e+003
       4.350000e-003       1.445000e+003
       4.360010e-003       1.471000e+003
       4.370020e-003       1.460000e+003
       4.380030e-003       1.483000e+003
       4.390030e-003       1.487000e+003
       4.400030e-003       1.496000e+003
       4.410030e-003       1.496000e+003
       4.420030e-003       1.496000e+003
       4.430030e-003       1.502000e+003
       4.440020e-003       1.492000e+003
       4.450020e-003       1.449000e+003
       4.460010e-003       1.497000e+003
       4.470000e-003       1.476000e+003
       4.480040e-003       1.495000e+003
       4.490030e-003       1.501000e+003
       4.500030e-003       1.492000e+003
       4.510020e-003       1.495000e+003
       4.520010e-003       1.491000e+003
       4.530050e-003       1.497000e+003
       4.540040e-003       1.502000e+003
       4.550030e-003       1.509000e+003
       4.560020e-003       1.475000e+003
       4.570000e-003       1.478000e+003
       4.580040e-003       1.486000e+003
       4.590030e-003       1.503000e+003
       4.600020e-003       1.481000e+003
       4.610000e-003       1.491000e+003
       4.620040e-003       1.481000e+003
       4.630030e-003       1.482000e+003
       4.640010e-003       1.477000e+003
       4.650000e-003       1.482000e+003
       4.660040e-003       1.481000e+003
       4.670030e-003       1.462000e+003
       4.680010e-003       1.479000e+003
       4.690000e-003       1.449000e+003
       4.700040e-003       1.437000e+003
       4.710030e-003       1.432000e+003
       4.720020e-003       1.468000e+003
       4.730010e-003       1.452000e+003
       4.740010e-003       1.471000e+003
       4.750040e-003       1.435000e+003
       4.760030e-003       1.468000e+003
       4.770020e-003       1.453000e+003
       4.780050e-003       1.467000e+003
       4.790030e-003       1.460000e+003
       4.800010e-003       1.458000e+003
       4.810030e-003       1.461000e+003
       4.820000e-003       1.463000e+003
       4.830010e-003       1.457000e+003
       4.840020e-003       1.454000e+003
       4.850030e-003       1.454000e+003
       4.860030e-003       1.454000e+003
       4.870030e-003       1.438000e+003
       4.880020e-003       1.454000e+003
       4.890010e-003       1.451000e+003
       4.900030e-003       1.450000e+003
       4.910000e-003       1.451000e+003
       4.920010e-003       1.443000e+003
       4.930010e-003       1.465000e+003
       4.940040e-003       1.447000e+003
       4.950040e-003       1.456000e+003
       4.960030e-003       1.463000e+003
       4.970000e-003       1.456000e+003
       4.980010e-003       1.464000e+003
       4.990040e-003       1.458000e+003
       5.000020e-003       1.459000e+003
